camera_matrix:
- - 536.7221474844107
  - 0.0
  - 300.6613106568198
- - 0.0
  - 550.2379266383739
  - 200.74472760614464
- - 0.0
  - 0.0
  - 1.0
dist_coefs:
- - -0.12766133632619162
  - 0.24519598912879031
  - -0.02232979122495574
  - -0.003339535526282882
  - 5.332578343525782
square_size_mm: 25.0
